 CUB MODEL: (  0.    180.000) Central Pacific
   1    1.00000  1
   229  33  66
      0. 13088.50 11262.20  3667.80   1327.7     84.6 11262.20  3667.80  1.00000
  38172. 13088.20 11262.00  3667.64   1327.7     84.6 11262.00  3667.64  1.00000
  76344. 13087.20 11261.30  3667.16   1327.7     84.6 11261.30  3667.16  1.00000
 114516. 13085.60 11260.10  3666.36   1327.7     84.6 11260.10  3666.36  1.00000
 152688. 13083.40 11258.50  3665.25   1327.7     84.6 11258.50  3665.25  1.00000
 190859. 13080.60 11256.50  3663.81   1327.7     84.6 11256.50  3663.81  1.00000
 229031. 13077.10 11254.00  3662.05   1327.7     84.6 11254.00  3662.05  1.00000
 267203. 13073.00 11251.00  3659.98   1327.7     84.6 11251.00  3659.98  1.00000
 305375. 13068.20 11247.60  3657.58   1327.7     84.6 11247.60  3657.58  1.00000
 343547. 13062.80 11243.70  3654.87   1327.7     84.6 11243.70  3654.87  1.00000
 381719. 13056.80 11239.40  3651.83   1327.7     84.6 11239.40  3651.83  1.00000
 419891. 13050.10 11234.60  3648.48   1327.7     84.6 11234.60  3648.48  1.00000
 458062. 13042.80 11229.30  3644.81   1327.7     84.6 11229.30  3644.81  1.00000
 496234. 13034.90 11223.60  3640.82   1327.7     84.6 11223.60  3640.82  1.00000
 534406. 13026.30 11217.40  3636.51   1327.7     84.6 11217.40  3636.51  1.00000
 572578. 13017.10 11210.80  3631.88   1327.7     84.6 11210.80  3631.88  1.00000
 610750. 13007.30 11203.70  3626.93   1327.7     84.6 11203.70  3626.93  1.00000
 648922. 12996.80 11196.20  3621.66   1327.7     84.6 11196.20  3621.66  1.00000
 687094. 12985.70 11188.20  3616.07   1327.7     84.6 11188.20  3616.07  1.00000
 725266. 12974.00 11179.70  3610.16   1327.7     84.6 11179.70  3610.16  1.00000
 763437. 12961.60 11170.80  3603.94   1327.7     84.6 11170.80  3603.94  1.00000
 801609. 12948.60 11161.50  3597.39   1327.7     84.6 11161.50  3597.39  1.00000
 839781. 12934.90 11151.60  3590.53   1327.7     84.6 11151.60  3590.53  1.00000
 877953. 12920.70 11141.40  3583.34   1327.7     84.6 11141.40  3583.34  1.00000
 916125. 12905.80 11130.60  3575.84   1327.7     84.6 11130.60  3575.84  1.00000
 954297. 12890.20 11119.40  3568.01   1327.7     84.6 11119.40  3568.01  1.00000
 992469. 12874.00 11107.80  3559.87   1327.7     84.6 11107.80  3559.87  1.00000
1030640. 12857.20 11095.70  3551.41   1327.7     84.6 11095.70  3551.41  1.00000
1068810. 12839.80 11083.10  3542.63   1327.7     84.6 11083.10  3542.63  1.00000
1106980. 12821.70 11070.10  3533.53   1327.7     84.6 11070.10  3533.53  1.00000
1145160. 12803.00 11056.60  3524.11   1327.7     84.6 11056.60  3524.11  1.00000
1183330. 12783.60 11042.70  3514.37   1327.7     84.6 11042.70  3514.37  1.00000
1221500. 12763.60 11028.30  3504.31   1327.7     84.6 11028.30  3504.31  1.00000
1221500. 12166.30 10355.70     0.00  57823.0      0.0 10355.70     0.00  1.00000
1292080. 12129.30 10314.40     0.00  57823.0      0.0 10314.40     0.00  1.00000
1362660. 12090.50 10272.30     0.00  57823.0      0.0 10272.30     0.00  1.00000
1433230. 12049.90 10229.20     0.00  57823.0      0.0 10229.20     0.00  1.00000
1503810. 12007.50 10185.00     0.00  57823.0      0.0 10185.00     0.00  1.00000
1574390. 11963.30 10139.70     0.00  57823.0      0.0 10139.70     0.00  1.00000
1644970. 11917.20 10093.10     0.00  57823.0      0.0 10093.10     0.00  1.00000
1715550. 11869.10 10045.00     0.00  57823.0      0.0 10045.00     0.00  1.00000
1786120. 11819.10  9995.51     0.00  57823.0      0.0  9995.51     0.00  1.00000
1856700. 11767.00  9944.34     0.00  57823.0      0.0  9944.34     0.00  1.00000
1927280. 11712.80  9891.43     0.00  57823.0      0.0  9891.43     0.00  1.00000
1997860. 11656.50  9836.70     0.00  57823.0      0.0  9836.70     0.00  1.00000
2068440. 11598.00  9779.99     0.00  57823.0      0.0  9779.99     0.00  1.00000
2139020. 11537.40  9721.22     0.00  57823.0      0.0  9721.22     0.00  1.00000
2209590. 11474.40  9660.28     0.00  57823.0      0.0  9660.28     0.00  1.00000
2280170. 11409.20  9597.04     0.00  57823.0      0.0  9597.04     0.00  1.00000
2350750. 11341.60  9531.41     0.00  57823.0      0.0  9531.41     0.00  1.00000
2421330. 11271.60  9463.28     0.00  57823.0      0.0  9463.28     0.00  1.00000
2491910. 11199.10  9392.50     0.00  57823.0      0.0  9392.50     0.00  1.00000
2562480. 11124.20  9319.01     0.00  57823.0      0.0  9319.01     0.00  1.00000
2633060. 11046.80  9242.69     0.00  57823.0      0.0  9242.69     0.00  1.00000
2703640. 10966.70  9163.40     0.00  57823.0      0.0  9163.40     0.00  1.00000
2774220. 10884.10  9081.05     0.00  57823.0      0.0  9081.05     0.00  1.00000
2844800. 10798.80  8995.53     0.00  57823.0      0.0  8995.53     0.00  1.00000
2915380. 10710.70  8906.73     0.00  57823.0      0.0  8906.73     0.00  1.00000
2985950. 10619.90  8814.53     0.00  57823.0      0.0  8814.53     0.00  1.00000
3056530. 10526.30  8718.83     0.00  57823.0      0.0  8718.83     0.00  1.00000
3127110. 10429.90  8619.51     0.00  57823.0      0.0  8619.51     0.00  1.00000
3197690. 10330.60  8516.47     0.00  57823.0      0.0  8516.47     0.00  1.00000
3268260. 10228.30  8409.59     0.00  57823.0      0.0  8409.59     0.00  1.00000
3338840. 10123.10  8298.74     0.00  57823.0      0.0  8298.74     0.00  1.00000
3409420. 10014.80  8183.85     0.00  57823.0      0.0  8183.85     0.00  1.00000
3480000.  9903.44  8064.80     0.00  57823.0      0.0  8064.80     0.00  1.00000
3480000.  5566.46 13716.60  7264.65  57823.0    312.0 13716.60  7264.65  1.00000
3517500.  5547.67 13707.50  7265.03  57823.0    312.0 13707.50  7265.03  1.00000
3555000.  5528.91 13698.40  7265.37  57823.0    312.0 13698.40  7265.37  1.00000
3592500.  5510.18 13689.40  7265.69  57823.0    312.0 13689.40  7265.69  1.00000
3630000.  5491.48 13680.40  7265.97  57823.0    312.0 13680.40  7265.97  1.00000
3630000.  5491.48 13680.40  7265.93  57823.0    312.0 13680.40  7265.93  1.00000
3666480.  5473.29 13636.20  7249.23  57823.0    312.0 13636.20  7249.23  1.00000
3702960.  5455.13 13592.40  7232.63  57823.0    312.0 13592.40  7232.63  1.00000
3739440.  5436.97 13549.00  7216.12  57823.0    312.0 13549.00  7216.12  1.00000
3775930.  5418.82 13505.80  7199.68  57823.0    312.0 13505.80  7199.68  1.00000
3812410.  5400.67 13462.90  7183.30  57823.0    312.0 13462.90  7183.30  1.00000
3848890.  5382.52 13420.20  7166.98  57823.0    312.0 13420.20  7166.98  1.00000
3885370.  5364.37 13377.70  7150.70  57823.0    312.0 13377.70  7150.70  1.00000
3921850.  5346.21 13335.50  7134.44  57823.0    312.0 13335.50  7134.44  1.00000
3958330.  5328.04 13293.30  7118.21  57823.0    312.0 13293.30  7118.21  1.00000
3994820.  5309.85 13251.30  7102.00  57823.0    312.0 13251.30  7102.00  1.00000
4031300.  5291.65 13209.40  7085.78  57823.0    312.0 13209.40  7085.78  1.00000
4067780.  5273.43 13167.50  7069.55  57823.0    312.0 13167.50  7069.55  1.00000
4104260.  5255.18 13125.70  7053.30  57823.0    312.0 13125.70  7053.30  1.00000
4140740.  5236.91 13083.80  7037.02  57823.0    312.0 13083.80  7037.02  1.00000
4177220.  5218.60 13042.00  7020.70  57823.0    312.0 13042.00  7020.70  1.00000
4213700.  5200.26 13000.00  7004.32  57823.0    312.0 13000.00  7004.32  1.00000
4250180.  5181.88 12958.00  6987.89  57823.0    312.0 12958.00  6987.89  1.00000
4286670.  5163.46 12915.90  6971.38  57823.0    312.0 12915.90  6971.38  1.00000
4323150.  5145.00 12873.60  6954.79  57823.0    312.0 12873.60  6954.79  1.00000
4359630.  5126.48 12831.20  6938.10  57823.0    312.0 12831.20  6938.10  1.00000
4396110.  5107.92 12788.50  6921.31  57823.0    312.0 12788.50  6921.31  1.00000
4432590.  5089.29 12745.50  6904.41  57823.0    312.0 12745.50  6904.41  1.00000
4469070.  5070.61 12702.40  6887.38  57823.0    312.0 12702.40  6887.38  1.00000
4505560.  5051.87 12658.90  6870.21  57823.0    312.0 12658.90  6870.21  1.00000
4542040.  5033.06 12615.00  6852.90  57823.0    312.0 12615.00  6852.90  1.00000
4578520.  5014.18 12570.90  6835.43  57823.0    312.0 12570.90  6835.43  1.00000
4615000.  4995.22 12526.30  6817.80  57823.0    312.0 12526.30  6817.80  1.00000
4651480.  4976.19 12481.30  6799.99  57823.0    312.0 12481.30  6799.99  1.00000
4687960.  4957.08 12435.90  6781.99  57823.0    312.0 12435.90  6781.99  1.00000
4724440.  4937.89 12389.90  6763.79  57823.0    312.0 12389.90  6763.79  1.00000
4760930.  4918.61 12343.50  6745.38  57823.0    312.0 12343.50  6745.38  1.00000
4797410.  4899.24 12296.50  6726.76  57823.0    312.0 12296.50  6726.76  1.00000
4833890.  4879.78 12249.00  6707.90  57823.0    312.0 12249.00  6707.90  1.00000
4870370.  4860.21 12200.90  6688.80  57823.0    312.0 12200.90  6688.80  1.00000
4906850.  4840.55 12152.10  6669.46  57823.0    312.0 12152.10  6669.46  1.00000
4943330.  4820.79 12102.60  6649.85  57823.0    312.0 12102.60  6649.85  1.00000
4979820.  4800.91 12052.50  6629.97  57823.0    312.0 12052.50  6629.97  1.00000
5016300.  4780.93 12001.70  6609.81  57823.0    312.0 12001.70  6609.81  1.00000
5052780.  4760.83 11950.10  6589.36  57823.0    312.0 11950.10  6589.36  1.00000
5089260.  4740.61 11897.70  6568.61  57823.0    312.0 11897.70  6568.61  1.00000
5125740.  4720.27 11844.50  6547.54  57823.0    312.0 11844.50  6547.54  1.00000
5162220.  4699.80 11790.50  6526.15  57823.0    312.0 11790.50  6526.15  1.00000
5198700.  4679.21 11735.60  6504.42  57823.0    312.0 11735.60  6504.42  1.00000
5235180.  4658.48 11679.80  6482.35  57823.0    312.0 11679.80  6482.35  1.00000
5271670.  4637.62 11623.00  6459.92  57823.0    312.0 11623.00  6459.92  1.00000
5308150.  4616.62 11565.30  6437.13  57823.0    312.0 11565.30  6437.13  1.00000
5344630.  4595.48 11506.70  6413.97  57823.0    312.0 11506.70  6413.97  1.00000
5381110.  4574.19 11446.90  6390.41  57823.0    312.0 11446.90  6390.41  1.00000
5417590.  4552.75 11386.20  6366.46  57823.0    312.0 11386.20  6366.46  1.00000
5454070.  4531.16 11324.40  6342.10  57823.0    312.0 11324.40  6342.10  1.00000
5490560.  4509.42 11261.40  6317.33  57823.0    312.0 11261.40  6317.33  1.00000
5527040.  4487.51 11197.30  6292.13  57823.0    312.0 11197.30  6292.13  1.00000
5563520.  4465.44 11132.00  6266.48  57823.0    312.0 11132.00  6266.48  1.00000
5600000.  4443.20 11065.60  6240.39  57823.0    312.0 11065.60  6240.39  1.00000
5600000.  4443.20 11065.60  6240.54  57823.0    312.0 11065.60  6240.54  1.00000
5633670.  4422.53 10960.90  6142.04  57823.0    312.0 10960.90  6142.04  1.00000
5667330.  4401.71 10856.20  6043.57  57823.0    312.0 10856.20  6043.57  1.00000
5701000.  4362.00 10712.70  5917.30  57823.0    312.0 10712.70  5917.30  1.00000
5701000.  4055.80 10126.80  5569.80  57823.0    143.0 10126.80  5569.80  1.00000
5771000.  3982.50  9932.00  5446.40  57823.0    143.0  9932.00  5446.40  1.00000
5771000.  3982.50  9932.00  5446.40  57823.0    143.0  9932.00  5446.40  1.00000
5804330.  3942.30  9828.40  5380.40  57823.0    143.0  9828.40  5380.40  1.00000
5837670.  3901.20  9716.90  5310.10  57823.0    143.0  9716.90  5310.10  1.00000
5871000.  3859.40  9599.50  5236.50  57823.0    143.0  9599.50  5236.50  1.00000
5904330.  3817.20  9479.60  5161.60  57823.0    143.0  9479.60  5161.60  1.00000
5937670.  3775.10  9359.80  5086.70  57823.0    143.0  9359.80  5086.70  1.00000
5971000.  3745.40  9274.20  5033.40  57823.0    143.0  9274.20  5033.40  1.00000
5971000.  3537.20  8924.96  4811.30  57823.0    143.0  8925.00  4811.30  1.00000
5993491.  3517.10  8816.44  4752.80  57823.0    143.0  8816.40  4752.80  1.00000
6015982.  3502.90  8740.02  4711.60  57823.0    143.0  8740.00  4711.60  1.00000
6038474.  3488.80  8663.41  4670.30  57823.0    143.0  8663.40  4670.30  1.00000
6060965.  3474.60  8586.98  4629.10  57823.0    143.0  8587.00  4629.10  1.00000
6083456.  3460.60  8511.48  4588.40  57823.0    143.0  8511.50  4588.40  1.00000
6087954.  3457.82  8496.71  4580.44  57823.0    143.0  8496.74  4580.44  1.00000
6092452.  3455.04  8481.95  4572.48  57823.0    143.0  8481.98  4572.48  1.00000
6096951.  3452.26  8467.18  4564.52  57823.0    143.0  8467.22  4564.52  1.00000
6101449.  3449.48  8452.42  4556.56  57823.0    143.0  8452.46  4556.56  1.00000
6105948.  3446.70  8437.65  4548.60  57823.0    143.0  8437.70  4548.60  1.00000
6110446.  3444.02  8423.70  4541.08  57823.0    143.0  8423.74  4541.08  1.00000
6114944.  3441.34  8409.75  4533.56  57823.0    143.0  8409.78  4533.56  1.00000
6119442.  3438.66  8395.81  4526.04  57823.0    143.0  8395.82  4526.04  1.00000
6123940.  3435.98  8381.86  4518.52  57823.0    143.0  8381.86  4518.52  1.00000
6128438.  3433.30  8367.91  4511.00  57823.0    143.0  8367.90  4511.00  1.00000
6132937.  3430.74  8355.04  4504.06  57823.0    143.0  8355.02  4504.06  1.00000
6137435.  3428.18  8342.16  4497.12  57823.0    143.0  8342.14  4497.12  1.00000
6141934.  3425.62  8329.29  4490.18  57823.0    143.0  8329.26  4490.18  1.00000
6146432.  3423.06  8316.41  4483.24  57823.0    143.0  8316.38  4483.24  1.00000
6150930.  3420.50  8303.54  4476.30  57823.0    143.0  8303.50  4476.30  1.00000
6150930.  3420.50  7885.80  4450.80  57823.0     80.0  8137.10  4450.80  1.00000
6156528.  3417.60  7881.62  4445.52  57823.0     80.0  8130.34  4450.00  0.99300
6162126.  3414.70  7877.44  4440.24  57823.0     80.0  8123.58  4449.20  0.98700
6167723.  3411.80  7873.26  4434.96  57823.0     80.0  8116.82  4448.40  0.98000
6173321.  3408.90  7869.08  4429.68  57823.0     80.0  8110.06  4447.60  0.97400
6178919.  3406.00  7864.90  4424.40  57823.0     80.0  8103.30  4446.80  0.96700
6184516.  3403.46  7870.86  4424.84  57823.0     80.0  8107.00  4451.72  0.96500
6190114.  3400.92  7876.82  4425.28  57823.0     80.0  8110.70  4456.64  0.96300
6195712.  3398.38  7882.78  4425.72  57823.0     80.0  8114.40  4461.56  0.96000
6201310.  3395.84  7888.74  4426.16  57823.0     80.0  8118.10  4466.48  0.95800
6206908.  3393.30  7894.70  4426.60  57823.0     80.0  8121.80  4471.40  0.95600
6212506.  3391.22  7904.22  4429.04  57823.0     80.0  8129.12  4478.32  0.95400
6218104.  3389.14  7913.74  4431.48  57823.0     80.0  8136.44  4485.24  0.95200
6223702.  3387.06  7923.27  4433.92  57823.0     80.0  8143.76  4492.16  0.95000
6229299.  3384.98  7932.79  4436.36  57823.0     80.0  8151.08  4499.08  0.94700
6234897.  3382.90  7942.31  4438.80  57823.0     80.0  8158.40  4506.00  0.94500
6240495.  3381.26  7955.15  4443.10  57823.0     80.0  8169.10  4514.78  0.94300
6246092.  3379.62  7967.99  4447.40  57823.0     80.0  8179.80  4523.56  0.94100
6251690.  3377.98  7980.82  4451.70  57823.0     80.0  8190.50  4532.34  0.93900
6257288.  3376.34  7993.66  4456.00  57823.0     80.0  8201.20  4541.12  0.93700
6262886.  3374.70  8006.50  4460.30  57823.0     80.0  8211.90  4549.90  0.93400
6268484.  3373.26  8021.10  4465.58  57823.0     80.0  8224.38  4559.66  0.93200
6274082.  3371.82  8035.70  4470.86  57823.0     80.0  8236.86  4569.42  0.93000
6279680.  3370.38  8050.30  4476.14  57823.0     80.0  8249.34  4579.18  0.92800
6285278.  3368.94  8064.90  4481.42  57823.0     80.0  8261.82  4588.94  0.92600
6290875.  3367.50  8079.50  4486.70  57823.0     80.0  8274.30  4598.70  0.92300
6290875.  3367.50  8079.50  4486.70  57823.0    600.0  8274.30  4598.70  0.92300
6297702.  3365.90  8092.86  4490.64  57823.0    600.0  8284.92  4608.10  0.92100
6304520.  3364.30  8106.22  4494.58  57823.0    600.0  8295.54  4617.50  0.91800
6311347.  3362.70  8119.59  4498.52  57823.0    600.0  8306.16  4626.90  0.91500
6318164.  3361.10  8132.95  4502.46  57823.0    600.0  8316.78  4636.30  0.91300
6324992.  3359.50  8146.31  4506.40  57823.0    600.0  8327.40  4645.70  0.91000
6331819.  3358.24  8152.90  4506.60  57823.0    600.0  8331.28  4651.30  0.90800
6333178.  3357.99  8154.22  4506.64  57823.0    600.0  8332.06  4652.42  0.90700
6334548.  3357.74  8155.54  4506.68  57823.0    600.0  8332.83  4653.54  0.90600
6335908.  3357.48  8156.85  4506.72  57823.0    600.0  8333.61  4654.66  0.90600
6337277.  3357.23  8158.17  4506.76  57823.0    600.0  8334.38  4655.78  0.90500
6338636.  3356.98  8159.49  4506.80  57823.0    600.0  8335.16  4656.90  0.90500
6340006.  3356.73  8160.81  4506.84  57823.0    600.0  8335.94  4658.02  0.90400
6341366.  3356.48  8162.12  4506.88  57823.0    600.0  8336.71  4659.14  0.90400
6342735.  3356.22  8163.44  4506.92  57823.0    600.0  8337.49  4660.26  0.90300
6344094.  3355.97  8164.75  4506.96  57823.0    600.0  8338.26  4661.38  0.90300
6345464.  3355.72  8166.07  4507.00  57823.0    600.0  8339.04  4662.50  0.90200
6346824.  3355.47  8167.39  4507.04  57823.0    600.0  8339.82  4663.62  0.90200
6348193.  3355.22  8168.71  4507.08  57823.0    600.0  8340.59  4664.74  0.90100
6349552.  3354.96  8170.02  4507.12  57823.0    600.0  8341.37  4665.86  0.90100
6350922.  3354.71  8171.34  4507.16  57823.0    600.0  8342.14  4666.98  0.90000
6352281.  3354.46  8172.66  4507.20  57823.0    600.0  8342.92  4668.10  0.90000
6353650.  3354.21  8173.98  4507.24  57823.0    600.0  8343.70  4669.22  0.89900
6355010.  3353.96  8175.30  4507.28  57823.0    600.0  8344.47  4670.34  0.89800
6356380.  3353.70  8176.61  4507.32  57823.0    600.0  8345.25  4671.46  0.89800
6357739.  3353.45  8177.93  4507.36  57823.0    600.0  8346.02  4672.58  0.89700
6359108.  3353.20  8179.25  4507.40  57823.0    600.0  8346.80  4673.70  0.89700
6359108.  3050.00  7100.00  4332.20  57823.0    600.0  7100.00  4332.20  1.00000
6360000.  3050.00  7100.00  4332.20  57823.0    600.0  7100.00  4332.20  1.00000
6361000.  3050.00  7100.00  4332.20  57823.0    600.0  7100.00  4332.20  1.00000
6362000.  3050.00  7100.00  4332.20  57823.0    600.0  7100.00  4332.20  1.00000
6362359.  3050.00  7100.00  4332.20  57823.0    600.0  7100.00  4332.20  1.00000
6362359.  2900.00  6600.00  4080.70  57823.0    600.0  6600.00  4080.70  1.00000
6363000.  2900.00  6600.00  4080.70  57823.0    600.0  6600.00  4080.70  1.00000
6364000.  2900.00  6600.00  4080.70  57823.0    600.0  6600.00  4080.70  1.00000
6364182.  2900.00  6600.00  4080.70  57823.0    600.0  6600.00  4080.70  1.00000
6364182.  2600.00  5000.00  3068.20  57823.0    600.0  5000.00  3068.20  1.00000
6365000.  2600.00  5000.00  3068.20  57823.0    600.0  5000.00  3068.20  1.00000
6365556.  2600.00  5000.00  3068.20  57823.0    600.0  5000.00  3068.20  1.00000
6365556.  1875.00  1858.00   800.00  57823.0     50.0  1858.00   800.00  1.00000
6365778.  1875.00  1858.00   800.00  57823.0     50.0  1858.00   800.00  1.00000
6365778.  1020.00  1500.00     0.00  57823.0      0.0  1500.00     0.00  1.00000
6371000.  1020.00  1500.00     0.00  57823.0      0.0  1500.00     0.00  1.00000
