 CUB MODEL: (    60.0000    40.0000) Northern Russia
   1    1.00000  1
   260  33  66
      0. 13088.50 11262.20  3667.80   1327.7     84.6 11262.20  3667.80  1.00000
  38172. 13088.20 11262.00  3667.64   1327.7     84.6 11262.00  3667.64  1.00000
  76344. 13087.20 11261.30  3667.16   1327.7     84.6 11261.30  3667.16  1.00000
 114516. 13085.60 11260.10  3666.36   1327.7     84.6 11260.10  3666.36  1.00000
 152688. 13083.40 11258.50  3665.25   1327.7     84.6 11258.50  3665.25  1.00000
 190859. 13080.60 11256.50  3663.81   1327.7     84.6 11256.50  3663.81  1.00000
 229031. 13077.10 11254.00  3662.05   1327.7     84.6 11254.00  3662.05  1.00000
 267203. 13073.00 11251.00  3659.98   1327.7     84.6 11251.00  3659.98  1.00000
 305375. 13068.20 11247.60  3657.58   1327.7     84.6 11247.60  3657.58  1.00000
 343547. 13062.80 11243.70  3654.87   1327.7     84.6 11243.70  3654.87  1.00000
 381719. 13056.80 11239.40  3651.83   1327.7     84.6 11239.40  3651.83  1.00000
 419891. 13050.10 11234.60  3648.48   1327.7     84.6 11234.60  3648.48  1.00000
 458062. 13042.80 11229.30  3644.81   1327.7     84.6 11229.30  3644.81  1.00000
 496234. 13034.90 11223.60  3640.82   1327.7     84.6 11223.60  3640.82  1.00000
 534406. 13026.30 11217.40  3636.51   1327.7     84.6 11217.40  3636.51  1.00000
 572578. 13017.10 11210.80  3631.88   1327.7     84.6 11210.80  3631.88  1.00000
 610750. 13007.30 11203.70  3626.93   1327.7     84.6 11203.70  3626.93  1.00000
 648922. 12996.80 11196.20  3621.66   1327.7     84.6 11196.20  3621.66  1.00000
 687094. 12985.70 11188.20  3616.07   1327.7     84.6 11188.20  3616.07  1.00000
 725266. 12974.00 11179.70  3610.16   1327.7     84.6 11179.70  3610.16  1.00000
 763437. 12961.60 11170.80  3603.94   1327.7     84.6 11170.80  3603.94  1.00000
 801609. 12948.60 11161.50  3597.39   1327.7     84.6 11161.50  3597.39  1.00000
 839781. 12934.90 11151.60  3590.53   1327.7     84.6 11151.60  3590.53  1.00000
 877953. 12920.70 11141.40  3583.34   1327.7     84.6 11141.40  3583.34  1.00000
 916125. 12905.80 11130.60  3575.84   1327.7     84.6 11130.60  3575.84  1.00000
 954297. 12890.20 11119.40  3568.01   1327.7     84.6 11119.40  3568.01  1.00000
 992469. 12874.00 11107.80  3559.87   1327.7     84.6 11107.80  3559.87  1.00000
1030640. 12857.20 11095.70  3551.41   1327.7     84.6 11095.70  3551.41  1.00000
1068810. 12839.80 11083.10  3542.63   1327.7     84.6 11083.10  3542.63  1.00000
1106980. 12821.70 11070.10  3533.53   1327.7     84.6 11070.10  3533.53  1.00000
1145160. 12803.00 11056.60  3524.11   1327.7     84.6 11056.60  3524.11  1.00000
1183330. 12783.60 11042.70  3514.37   1327.7     84.6 11042.70  3514.37  1.00000
1221500. 12763.60 11028.30  3504.31   1327.7     84.6 11028.30  3504.31  1.00000
1221500. 12166.30 10355.70     0.00  57823.0      0.0 10355.70     0.00  1.00000
1292080. 12129.30 10314.40     0.00  57823.0      0.0 10314.40     0.00  1.00000
1362660. 12090.50 10272.30     0.00  57823.0      0.0 10272.30     0.00  1.00000
1433230. 12049.90 10229.20     0.00  57823.0      0.0 10229.20     0.00  1.00000
1503810. 12007.50 10185.00     0.00  57823.0      0.0 10185.00     0.00  1.00000
1574390. 11963.30 10139.70     0.00  57823.0      0.0 10139.70     0.00  1.00000
1644970. 11917.20 10093.10     0.00  57823.0      0.0 10093.10     0.00  1.00000
1715550. 11869.10 10045.00     0.00  57823.0      0.0 10045.00     0.00  1.00000
1786120. 11819.10  9995.51     0.00  57823.0      0.0  9995.51     0.00  1.00000
1856700. 11767.00  9944.34     0.00  57823.0      0.0  9944.34     0.00  1.00000
1927280. 11712.80  9891.43     0.00  57823.0      0.0  9891.43     0.00  1.00000
1997860. 11656.50  9836.70     0.00  57823.0      0.0  9836.70     0.00  1.00000
2068440. 11598.00  9779.99     0.00  57823.0      0.0  9779.99     0.00  1.00000
2139020. 11537.40  9721.22     0.00  57823.0      0.0  9721.22     0.00  1.00000
2209590. 11474.40  9660.28     0.00  57823.0      0.0  9660.28     0.00  1.00000
2280170. 11409.20  9597.04     0.00  57823.0      0.0  9597.04     0.00  1.00000
2350750. 11341.60  9531.41     0.00  57823.0      0.0  9531.41     0.00  1.00000
2421330. 11271.60  9463.28     0.00  57823.0      0.0  9463.28     0.00  1.00000
2491910. 11199.10  9392.50     0.00  57823.0      0.0  9392.50     0.00  1.00000
2562480. 11124.20  9319.01     0.00  57823.0      0.0  9319.01     0.00  1.00000
2633060. 11046.80  9242.69     0.00  57823.0      0.0  9242.69     0.00  1.00000
2703640. 10966.70  9163.40     0.00  57823.0      0.0  9163.40     0.00  1.00000
2774220. 10884.10  9081.05     0.00  57823.0      0.0  9081.05     0.00  1.00000
2844800. 10798.80  8995.53     0.00  57823.0      0.0  8995.53     0.00  1.00000
2915380. 10710.70  8906.73     0.00  57823.0      0.0  8906.73     0.00  1.00000
2985950. 10619.90  8814.53     0.00  57823.0      0.0  8814.53     0.00  1.00000
3056530. 10526.30  8718.83     0.00  57823.0      0.0  8718.83     0.00  1.00000
3127110. 10429.90  8619.51     0.00  57823.0      0.0  8619.51     0.00  1.00000
3197690. 10330.60  8516.47     0.00  57823.0      0.0  8516.47     0.00  1.00000
3268260. 10228.30  8409.59     0.00  57823.0      0.0  8409.59     0.00  1.00000
3338840. 10123.10  8298.74     0.00  57823.0      0.0  8298.74     0.00  1.00000
3409420. 10014.80  8183.85     0.00  57823.0      0.0  8183.85     0.00  1.00000
3480000.  9903.44  8064.80     0.00  57823.0      0.0  8064.80     0.00  1.00000
3480000.  5566.46 13716.60  7264.65  57823.0    312.0 13716.60  7264.65  1.00000
3517500.  5547.67 13707.50  7265.03  57823.0    312.0 13707.50  7265.03  1.00000
3555000.  5528.91 13698.40  7265.37  57823.0    312.0 13698.40  7265.37  1.00000
3592500.  5510.18 13689.40  7265.69  57823.0    312.0 13689.40  7265.69  1.00000
3630000.  5491.48 13680.40  7265.97  57823.0    312.0 13680.40  7265.97  1.00000
3630000.  5491.48 13680.40  7265.93  57823.0    312.0 13680.40  7265.93  1.00000
3666480.  5473.29 13636.20  7249.23  57823.0    312.0 13636.20  7249.23  1.00000
3702960.  5455.13 13592.40  7232.63  57823.0    312.0 13592.40  7232.63  1.00000
3739440.  5436.97 13549.00  7216.12  57823.0    312.0 13549.00  7216.12  1.00000
3775930.  5418.82 13505.80  7199.68  57823.0    312.0 13505.80  7199.68  1.00000
3812410.  5400.67 13462.90  7183.30  57823.0    312.0 13462.90  7183.30  1.00000
3848890.  5382.52 13420.20  7166.98  57823.0    312.0 13420.20  7166.98  1.00000
3885370.  5364.37 13377.70  7150.70  57823.0    312.0 13377.70  7150.70  1.00000
3921850.  5346.21 13335.50  7134.44  57823.0    312.0 13335.50  7134.44  1.00000
3958330.  5328.04 13293.30  7118.21  57823.0    312.0 13293.30  7118.21  1.00000
3994820.  5309.85 13251.30  7102.00  57823.0    312.0 13251.30  7102.00  1.00000
4031300.  5291.65 13209.40  7085.78  57823.0    312.0 13209.40  7085.78  1.00000
4067780.  5273.43 13167.50  7069.55  57823.0    312.0 13167.50  7069.55  1.00000
4104260.  5255.18 13125.70  7053.30  57823.0    312.0 13125.70  7053.30  1.00000
4140740.  5236.91 13083.80  7037.02  57823.0    312.0 13083.80  7037.02  1.00000
4177220.  5218.60 13042.00  7020.70  57823.0    312.0 13042.00  7020.70  1.00000
4213700.  5200.26 13000.00  7004.32  57823.0    312.0 13000.00  7004.32  1.00000
4250180.  5181.88 12958.00  6987.89  57823.0    312.0 12958.00  6987.89  1.00000
4286670.  5163.46 12915.90  6971.38  57823.0    312.0 12915.90  6971.38  1.00000
4323150.  5145.00 12873.60  6954.79  57823.0    312.0 12873.60  6954.79  1.00000
4359630.  5126.48 12831.20  6938.10  57823.0    312.0 12831.20  6938.10  1.00000
4396110.  5107.92 12788.50  6921.31  57823.0    312.0 12788.50  6921.31  1.00000
4432590.  5089.29 12745.50  6904.41  57823.0    312.0 12745.50  6904.41  1.00000
4469070.  5070.61 12702.40  6887.38  57823.0    312.0 12702.40  6887.38  1.00000
4505560.  5051.87 12658.90  6870.21  57823.0    312.0 12658.90  6870.21  1.00000
4542040.  5033.06 12615.00  6852.90  57823.0    312.0 12615.00  6852.90  1.00000
4578520.  5014.18 12570.90  6835.43  57823.0    312.0 12570.90  6835.43  1.00000
4615000.  4995.22 12526.30  6817.80  57823.0    312.0 12526.30  6817.80  1.00000
4651480.  4976.19 12481.30  6799.99  57823.0    312.0 12481.30  6799.99  1.00000
4687960.  4957.08 12435.90  6781.99  57823.0    312.0 12435.90  6781.99  1.00000
4724440.  4937.89 12389.90  6763.79  57823.0    312.0 12389.90  6763.79  1.00000
4760930.  4918.61 12343.50  6745.38  57823.0    312.0 12343.50  6745.38  1.00000
4797410.  4899.24 12296.50  6726.76  57823.0    312.0 12296.50  6726.76  1.00000
4833890.  4879.78 12249.00  6707.90  57823.0    312.0 12249.00  6707.90  1.00000
4870370.  4860.21 12200.90  6688.80  57823.0    312.0 12200.90  6688.80  1.00000
4906850.  4840.55 12152.10  6669.46  57823.0    312.0 12152.10  6669.46  1.00000
4943330.  4820.79 12102.60  6649.85  57823.0    312.0 12102.60  6649.85  1.00000
4979820.  4800.91 12052.50  6629.97  57823.0    312.0 12052.50  6629.97  1.00000
5016300.  4780.93 12001.70  6609.81  57823.0    312.0 12001.70  6609.81  1.00000
5052780.  4760.83 11950.10  6589.36  57823.0    312.0 11950.10  6589.36  1.00000
5089260.  4740.61 11897.70  6568.61  57823.0    312.0 11897.70  6568.61  1.00000
5125740.  4720.27 11844.50  6547.54  57823.0    312.0 11844.50  6547.54  1.00000
5162220.  4699.80 11790.50  6526.15  57823.0    312.0 11790.50  6526.15  1.00000
5198700.  4679.21 11735.60  6504.42  57823.0    312.0 11735.60  6504.42  1.00000
5235180.  4658.48 11679.80  6482.35  57823.0    312.0 11679.80  6482.35  1.00000
5271670.  4637.62 11623.00  6459.92  57823.0    312.0 11623.00  6459.92  1.00000
5308150.  4616.62 11565.30  6437.13  57823.0    312.0 11565.30  6437.13  1.00000
5344630.  4595.48 11506.70  6413.97  57823.0    312.0 11506.70  6413.97  1.00000
5381110.  4574.19 11446.90  6390.41  57823.0    312.0 11446.90  6390.41  1.00000
5417590.  4552.75 11386.20  6366.46  57823.0    312.0 11386.20  6366.46  1.00000
5454070.  4531.16 11324.40  6342.10  57823.0    312.0 11324.40  6342.10  1.00000
5490560.  4509.42 11261.40  6317.33  57823.0    312.0 11261.40  6317.33  1.00000
5527040.  4487.51 11197.30  6292.13  57823.0    312.0 11197.30  6292.13  1.00000
5563520.  4465.44 11132.00  6266.48  57823.0    312.0 11132.00  6266.48  1.00000
5600000.  4443.20 11065.60  6240.39  57823.0    312.0 11065.60  6240.39  1.00000
5600000.  4443.20 11065.60  6240.54  57823.0    312.0 11065.60  6240.54  1.00000
5633670.  4422.53 10960.90  6142.04  57823.0    312.0 10960.90  6142.04  1.00000
5667330.  4401.71 10856.20  6043.57  57823.0    312.0 10856.20  6043.57  1.00000
5701000.  4374.40 10815.00  5973.80  57823.0    312.0 10815.00  5973.80  1.00000
5701000.  4067.40 10223.50  5622.90  57823.0    143.0 10223.50  5622.90  1.00000
5771000.  3975.50  9873.40  5414.30  57823.0    143.0  9873.40  5414.30  1.00000
5771000.  3975.50  9873.40  5414.30  57823.0    143.0  9873.40  5414.30  1.00000
5804330.  3933.50  9755.00  5340.20  57823.0    143.0  9755.00  5340.20  1.00000
5837670.  3898.70  9696.20  5298.70  57823.0    143.0  9696.20  5298.70  1.00000
5871000.  3866.40  9658.10  5268.50  57823.0    143.0  9658.10  5268.50  1.00000
5904330.  3832.10  9603.20  5228.90  57823.0    143.0  9603.20  5228.90  1.00000
5937670.  3793.30  9511.00  5168.90  57823.0    143.0  9511.00  5168.90  1.00000
5971000.  3762.60  9417.20  5111.10  57823.0    143.0  9417.20  5111.10  1.00000
5971000.  3553.50  9122.51  4917.80  57823.0    143.0  9122.50  4917.80  1.00000
5993428.  3531.40  8997.11  4850.20  57823.0    143.0  8997.10  4850.20  1.00000
6015856.  3515.50  8905.66  4800.90  57823.0    143.0  8905.70  4800.90  1.00000
6038284.  3500.90  8824.78  4757.30  57823.0    143.0  8824.80  4757.30  1.00000
6060712.  3488.50  8762.08  4723.50  57823.0    143.0  8762.10  4723.50  1.00000
6083140.  3478.90  8723.32  4702.60  57823.0    143.0  8723.30  4702.60  1.00000
6087626.  3477.60  8720.50  4701.08  57823.0    143.0  8720.48  4701.08  1.00000
6092111.  3476.30  8717.68  4699.56  57823.0    143.0  8717.66  4699.56  1.00000
6096596.  3475.00  8714.86  4698.04  57823.0    143.0  8714.84  4698.04  1.00000
6101082.  3473.70  8712.04  4696.52  57823.0    143.0  8712.02  4696.52  1.00000
6105568.  3472.40  8709.22  4695.00  57823.0    143.0  8709.20  4695.00  1.00000
6110054.  3471.66  8711.00  4695.96  57823.0    143.0  8710.98  4695.96  1.00000
6114539.  3470.92  8712.78  4696.92  57823.0    143.0  8712.76  4696.92  1.00000
6119024.  3470.18  8714.56  4697.88  57823.0    143.0  8714.54  4697.88  1.00000
6123510.  3469.44  8716.34  4698.84  57823.0    143.0  8716.32  4698.84  1.00000
6127996.  3468.70  8718.12  4699.80  57823.0    143.0  8718.10  4699.80  1.00000
6132482.  3468.32  8722.76  4702.30  57823.0    143.0  8722.74  4702.30  1.00000
6136967.  3467.94  8727.40  4704.80  57823.0    143.0  8727.38  4704.80  1.00000
6141452.  3467.56  8732.03  4707.30  57823.0    143.0  8732.02  4707.30  1.00000
6145938.  3467.18  8736.67  4709.80  57823.0    143.0  8736.66  4709.80  1.00000
6150424.  3466.80  8741.31  4712.30  57823.0    143.0  8741.30  4712.30  1.00000
6150424.  3466.80  8370.37  4706.00  57823.0     80.0  8637.20  4706.00  1.00000
6156006.  3466.38  8387.98  4709.44  57823.0     80.0  8652.74  4720.90  0.99300
6161588.  3465.96  8405.60  4712.88  57823.0     80.0  8668.28  4735.80  0.98700
6167170.  3465.54  8423.21  4716.32  57823.0     80.0  8683.82  4750.70  0.98000
6172752.  3465.12  8440.83  4719.76  57823.0     80.0  8699.36  4765.60  0.97400
6178334.  3464.70  8458.44  4723.20  57823.0     80.0  8714.90  4780.50  0.96700
6183916.  3463.66  8478.82  4728.18  57823.0     80.0  8733.24  4796.96  0.96500
6189498.  3462.62  8499.21  4733.16  57823.0     80.0  8751.58  4813.42  0.96300
6195080.  3461.58  8519.59  4738.14  57823.0     80.0  8769.92  4829.88  0.96000
6200662.  3460.54  8539.98  4743.12  57823.0     80.0  8788.26  4846.34  0.95800
6206244.  3459.50  8560.36  4748.10  57823.0     80.0  8806.60  4862.80  0.95600
6211826.  3457.08  8569.90  4747.00  57823.0     80.0  8813.72  4873.14  0.95400
6217408.  3454.66  8579.44  4745.90  57823.0     80.0  8820.84  4883.48  0.95200
6222990.  3452.24  8588.97  4744.80  57823.0     80.0  8827.96  4893.82  0.95000
6228572.  3449.82  8598.51  4743.70  57823.0     80.0  8835.08  4904.16  0.94700
6234155.  3447.40  8608.05  4742.60  57823.0     80.0  8842.20  4914.50  0.94500
6239737.  3443.02  8601.94  4732.70  57823.0     80.0  8833.26  4916.06  0.94300
6245319.  3438.64  8595.82  4722.80  57823.0     80.0  8824.32  4917.62  0.94100
6250901.  3434.26  8589.71  4712.90  57823.0     80.0  8815.38  4919.18  0.93900
6256483.  3429.88  8583.59  4703.00  57823.0     80.0  8806.44  4920.74  0.93700
6262065.  3425.50  8577.48  4693.10  57823.0     80.0  8797.50  4922.30  0.93400
6267647.  3419.14  8555.39  4674.26  57823.0     80.0  8772.24  4914.92  0.93200
6273230.  3412.78  8533.30  4655.42  57823.0     80.0  8746.98  4907.54  0.93000
6278812.  3406.42  8511.22  4636.58  57823.0     80.0  8721.72  4900.16  0.92800
6284394.  3400.06  8489.13  4617.74  57823.0     80.0  8696.46  4892.78  0.92600
6289976.  3393.70  8467.04  4598.90  57823.0     80.0  8671.20  4885.40  0.92300
6289976.  3393.70  8467.04  4598.90  57823.0    600.0  8671.20  4885.40  0.92300
6294182.  3386.46  8436.52  4576.96  57823.0    600.0  8638.00  4872.10  0.92200
6298388.  3379.22  8406.00  4555.02  57823.0    600.0  8604.80  4858.80  0.92000
6302585.  3371.98  8375.47  4533.08  57823.0    600.0  8571.60  4845.50  0.91900
6306792.  3364.74  8344.95  4511.14  57823.0    600.0  8538.40  4832.20  0.91700
6310998.  3357.50  8314.43  4489.20  57823.0    600.0  8505.20  4818.90  0.91500
6315204.  3353.20  8296.66  4475.24  57823.0    600.0  8485.56  4812.14  0.91400
6316042.  3352.34  8293.10  4472.45  57823.0    600.0  8481.63  4810.79  0.91300
6316889.  3351.48  8289.55  4469.66  57823.0    600.0  8477.70  4809.44  0.91300
6317726.  3350.62  8285.99  4466.86  57823.0    600.0  8473.78  4808.08  0.91300
6318574.  3349.76  8282.44  4464.07  57823.0    600.0  8469.85  4806.73  0.91200
6319411.  3348.90  8278.88  4461.28  57823.0    600.0  8465.92  4805.38  0.91200
6320248.  3348.04  8275.33  4458.49  57823.0    600.0  8461.99  4804.03  0.91200
6321086.  3347.18  8271.77  4455.70  57823.0    600.0  8458.06  4802.68  0.91100
6321933.  3346.32  8268.22  4452.90  57823.0    600.0  8454.14  4801.32  0.91100
6322770.  3345.46  8264.66  4450.11  57823.0    600.0  8450.21  4799.97  0.91100
6323608.  3344.60  8261.11  4447.32  57823.0    600.0  8446.28  4798.62  0.91000
6324445.  3343.74  8257.55  4444.53  57823.0    600.0  8442.35  4797.27  0.91000
6325292.  3342.88  8254.00  4441.74  57823.0    600.0  8438.42  4795.92  0.91000
6326130.  3342.02  8250.44  4438.94  57823.0    600.0  8434.50  4794.56  0.90900
6326976.  3341.16  8246.89  4436.15  57823.0    600.0  8430.57  4793.21  0.90900
6327814.  3340.30  8243.33  4433.36  57823.0    600.0  8426.64  4791.86  0.90900
6328652.  3339.44  8239.78  4430.57  57823.0    600.0  8422.71  4790.51  0.90800
6329498.  3338.58  8236.22  4427.78  57823.0    600.0  8418.78  4789.16  0.90800
6330336.  3337.72  8232.67  4424.98  57823.0    600.0  8414.86  4787.80  0.90800
6331183.  3336.86  8229.11  4422.19  57823.0    600.0  8410.93  4786.45  0.90700
6332020.  3336.00  8225.56  4419.40  57823.0    600.0  8407.00  4785.10  0.90700
6332020.  3100.00  7250.80  3813.90  57823.0    600.0  7250.80  3813.90  1.00000
6333000.  3100.00  7250.80  3813.90  57823.0    600.0  7250.80  3813.90  1.00000
6334000.  3100.00  7250.80  3813.90  57823.0    600.0  7250.80  3813.90  1.00000
6335000.  3100.00  7250.80  3813.90  57823.0    600.0  7250.80  3813.90  1.00000
6336000.  3100.00  7250.80  3813.90  57823.0    600.0  7250.80  3813.90  1.00000
6337000.  3100.00  7250.80  3813.90  57823.0    600.0  7250.80  3813.90  1.00000
6338000.  3100.00  7250.80  3813.90  57823.0    600.0  7250.80  3813.90  1.00000
6339000.  3100.00  7250.80  3813.90  57823.0    600.0  7250.80  3813.90  1.00000
6340000.  3100.00  7250.80  3813.90  57823.0    600.0  7250.80  3813.90  1.00000
6341000.  3100.00  7250.80  3813.90  57823.0    600.0  7250.80  3813.90  1.00000
6342000.  3100.00  7250.80  3813.90  57823.0    600.0  7250.80  3813.90  1.00000
6343000.  3100.00  7250.80  3813.90  57823.0    600.0  7250.80  3813.90  1.00000
6344000.  3100.00  7250.80  3813.90  57823.0    600.0  7250.80  3813.90  1.00000
6344968.  3100.00  7250.80  3813.90  57823.0    600.0  7250.80  3813.90  1.00000
6344968.  2900.00  6600.00  3757.70  57823.0    600.0  6600.00  3757.70  1.00000
6345000.  2900.00  6600.00  3757.70  57823.0    600.0  6600.00  3757.70  1.00000
6346000.  2900.00  6600.00  3757.70  57823.0    600.0  6600.00  3757.70  1.00000
6347000.  2900.00  6600.00  3757.70  57823.0    600.0  6600.00  3757.70  1.00000
6348000.  2900.00  6600.00  3757.70  57823.0    600.0  6600.00  3757.70  1.00000
6349000.  2900.00  6600.00  3757.70  57823.0    600.0  6600.00  3757.70  1.00000
6350000.  2900.00  6600.00  3757.70  57823.0    600.0  6600.00  3757.70  1.00000
6351000.  2900.00  6600.00  3757.70  57823.0    600.0  6600.00  3757.70  1.00000
6352000.  2900.00  6600.00  3757.70  57823.0    600.0  6600.00  3757.70  1.00000
6353000.  2900.00  6600.00  3757.70  57823.0    600.0  6600.00  3757.70  1.00000
6354000.  2900.00  6600.00  3757.70  57823.0    600.0  6600.00  3757.70  1.00000
6355000.  2900.00  6600.00  3757.70  57823.0    600.0  6600.00  3757.70  1.00000
6356000.  2900.00  6600.00  3757.70  57823.0    600.0  6600.00  3757.70  1.00000
6357000.  2900.00  6600.00  3757.70  57823.0    600.0  6600.00  3757.70  1.00000
6357838.  2900.00  6600.00  3757.70  57823.0    600.0  6600.00  3757.70  1.00000
6357838.  2800.00  6200.00  3676.00  57823.0    600.0  6200.00  3676.00  1.00000
6358000.  2800.00  6200.00  3676.00  57823.0    600.0  6200.00  3676.00  1.00000
6359000.  2800.00  6200.00  3676.00  57823.0    600.0  6200.00  3676.00  1.00000
6360000.  2800.00  6200.00  3676.00  57823.0    600.0  6200.00  3676.00  1.00000
6361000.  2800.00  6200.00  3676.00  57823.0    600.0  6200.00  3676.00  1.00000
6362000.  2800.00  6200.00  3676.00  57823.0    600.0  6200.00  3676.00  1.00000
6363000.  2800.00  6200.00  3676.00  57823.0    600.0  6200.00  3676.00  1.00000
6364000.  2800.00  6200.00  3676.00  57823.0    600.0  6200.00  3676.00  1.00000
6365000.  2800.00  6200.00  3676.00  57823.0    600.0  6200.00  3676.00  1.00000
6366000.  2800.00  6200.00  3676.00  57823.0    600.0  6200.00  3676.00  1.00000
6367000.  2800.00  6200.00  3676.00  57823.0    600.0  6200.00  3676.00  1.00000
6368000.  2800.00  6200.00  3676.00  57823.0    600.0  6200.00  3676.00  1.00000
6369000.  2800.00  6200.00  3676.00  57823.0    600.0  6200.00  3676.00  1.00000
6370000.  2800.00  6200.00  3676.00  57823.0    600.0  6200.00  3676.00  1.00000
6370708.  2800.00  6200.00  3676.00  57823.0    600.0  6200.00  3676.00  1.00000
6370708.  2105.00  2500.00  1197.00  57823.0     50.0  2500.00  1197.00  1.00000
6371000.  2105.00  2500.00  1197.00  57823.0     50.0  2500.00  1197.00  1.00000
6371146.  2105.00  2500.00  1197.00  57823.0     50.0  2500.00  1197.00  1.00000
